0 0.128425 0.898881 0.040787 0.052707
0 0.045932 0.636951 0.035308 0.047807
0 0.363391 0.758783 0.060287 0.032770
0 0.500891 0.985419 0.039738 0.029161
0 0.678197 0.957276 0.029875 0.036909
0 0.817019 0.955125 0.031198 0.033489
0 0.592646 0.867435 0.021940 0.032351
0 0.461345 0.642963 0.025847 0.031793
0 0.277401 0.505813 0.029501 0.035879
0 0.057474 0.442524 0.016291 0.025725
0 0.719709 0.351159 0.024449 0.032659
0 0.945980 0.838759 0.020431 0.026234
0 0.941824 0.748846 0.022341 0.024986
0 0.804853 0.633588 0.021900 0.026414
0 0.778158 0.168274 0.023466 0.028089
0 0.807576 0.296495 0.021316 0.033967