0 0.129808 0.951434 0.039843 0.051021
0 0.026141 0.703368 0.034429 0.046387
0 0.353455 0.767495 0.060169 0.029447
0 0.509585 0.973802 0.039231 0.034832
0 0.684313 0.909147 0.029232 0.035642
0 0.822964 0.881489 0.030669 0.032073
0 0.591497 0.834577 0.021319 0.031517
0 0.442048 0.633118 0.025294 0.030695
0 0.247014 0.529076 0.028882 0.034618
0 0.021966 0.505868 0.015781 0.025138
0 0.676829 0.292431 0.023853 0.031668
0 0.942521 0.740868 0.019962 0.025386
0 0.931097 0.651278 0.021934 0.023991
0 0.784805 0.560609 0.021446 0.025474
0 0.720495 0.097914 0.022986 0.027078
0 0.760279 0.221362 0.020641 0.033204