0 0.131658 0.937641 0.038316 0.048474
0 0.035275 0.685116 0.033049 0.044178
0 0.358303 0.768157 0.059106 0.025773
0 0.507815 0.982304 0.038130 0.032380
0 0.682829 0.928411 0.028158 0.033780
0 0.821091 0.909134 0.029682 0.030139
0 0.592696 0.848857 0.020392 0.030139
0 0.449685 0.639919 0.024369 0.029084
0 0.258918 0.525050 0.027837 0.032780
0 0.036274 0.488697 0.015048 0.024111
0 0.691455 0.315399 0.022909 0.030139
0 0.943351 0.776524 0.019202 0.024111
0 0.934350 0.686861 0.021200 0.022604
0 0.791588 0.588156 0.020676 0.024110
0 0.739834 0.124771 0.022167 0.025617
0 0.776087 0.249740 0.019673 0.031860